/*--------------------------------*- C++ -*----------------------------------*\
  =========                 |
  \\      /  F ield         | OpenFOAM: The Open Source CFD Toolbox
   \\    /   O peration     | Website:  https://openfoam.org
    \\  /    A nd           | Version:  6
     \\/     M anipulation  |
\*---------------------------------------------------------------------------*/
FoamFile
{
    version     2.0;
    format      ascii;
    class       faceList;
    location    "constant/polyMesh";
    object      faces;
}
// * * * * * * * * * * * * * * * * * * * * * * * * * * * * * * * * * * * * * //


126
(
4(1 27 79 53)
4(2 28 80 54)
4(3 29 81 55)
4(4 30 82 56)
4(5 31 83 57)
4(6 32 84 58)
4(7 33 85 59)
4(8 34 86 60)
4(9 35 87 61)
4(10 36 88 62)
4(11 37 89 63)
4(12 38 90 64)
4(13 39 91 65)
4(14 40 92 66)
4(15 41 93 67)
4(16 42 94 68)
4(17 43 95 69)
4(18 44 96 70)
4(19 45 97 71)
4(20 46 98 72)
4(21 47 99 73)
4(22 48 100 74)
4(23 49 101 75)
4(24 50 102 76)
4(0 52 78 26)
4(25 51 103 77)
4(0 1 53 52)
4(1 2 54 53)
4(2 3 55 54)
4(3 4 56 55)
4(4 5 57 56)
4(5 6 58 57)
4(6 7 59 58)
4(7 8 60 59)
4(8 9 61 60)
4(9 10 62 61)
4(10 11 63 62)
4(11 12 64 63)
4(12 13 65 64)
4(13 14 66 65)
4(14 15 67 66)
4(15 16 68 67)
4(16 17 69 68)
4(17 18 70 69)
4(18 19 71 70)
4(19 20 72 71)
4(20 21 73 72)
4(21 22 74 73)
4(22 23 75 74)
4(23 24 76 75)
4(24 25 77 76)
4(52 53 79 78)
4(53 54 80 79)
4(54 55 81 80)
4(55 56 82 81)
4(56 57 83 82)
4(57 58 84 83)
4(58 59 85 84)
4(59 60 86 85)
4(60 61 87 86)
4(61 62 88 87)
4(62 63 89 88)
4(63 64 90 89)
4(64 65 91 90)
4(65 66 92 91)
4(66 67 93 92)
4(67 68 94 93)
4(68 69 95 94)
4(69 70 96 95)
4(70 71 97 96)
4(71 72 98 97)
4(72 73 99 98)
4(73 74 100 99)
4(74 75 101 100)
4(75 76 102 101)
4(76 77 103 102)
4(26 78 79 27)
4(27 79 80 28)
4(28 80 81 29)
4(29 81 82 30)
4(30 82 83 31)
4(31 83 84 32)
4(32 84 85 33)
4(33 85 86 34)
4(34 86 87 35)
4(35 87 88 36)
4(36 88 89 37)
4(37 89 90 38)
4(38 90 91 39)
4(39 91 92 40)
4(40 92 93 41)
4(41 93 94 42)
4(42 94 95 43)
4(43 95 96 44)
4(44 96 97 45)
4(45 97 98 46)
4(46 98 99 47)
4(47 99 100 48)
4(48 100 101 49)
4(49 101 102 50)
4(50 102 103 51)
4(0 26 27 1)
4(1 27 28 2)
4(2 28 29 3)
4(3 29 30 4)
4(4 30 31 5)
4(5 31 32 6)
4(6 32 33 7)
4(7 33 34 8)
4(8 34 35 9)
4(9 35 36 10)
4(10 36 37 11)
4(11 37 38 12)
4(12 38 39 13)
4(13 39 40 14)
4(14 40 41 15)
4(15 41 42 16)
4(16 42 43 17)
4(17 43 44 18)
4(18 44 45 19)
4(19 45 46 20)
4(20 46 47 21)
4(21 47 48 22)
4(22 48 49 23)
4(23 49 50 24)
4(24 50 51 25)
)


// ************************************************************************* //
