/*--------------------------------*- C++ -*----------------------------------*\
  =========                 |
  \\      /  F ield         | OpenFOAM: The Open Source CFD Toolbox
   \\    /   O peration     | Website:  https://openfoam.org
    \\  /    A nd           | Version:  6
     \\/     M anipulation  |
\*---------------------------------------------------------------------------*/
FoamFile
{
    version     2.0;
    format      ascii;
    class       vectorField;
    location    "constant/polyMesh";
    object      points;
}
// * * * * * * * * * * * * * * * * * * * * * * * * * * * * * * * * * * * * * //


104
(
(-0.05 -0.01 -0.01)
(-0.046 -0.01 -0.01)
(-0.042 -0.01 -0.01)
(-0.038 -0.01 -0.01)
(-0.034 -0.01 -0.01)
(-0.03 -0.01 -0.01)
(-0.026 -0.01 -0.01)
(-0.022 -0.01 -0.01)
(-0.018 -0.01 -0.01)
(-0.014 -0.01 -0.01)
(-0.01 -0.01 -0.01)
(-0.006 -0.01 -0.01)
(-0.002 -0.01 -0.01)
(0.002 -0.01 -0.01)
(0.006 -0.01 -0.01)
(0.01 -0.01 -0.01)
(0.014 -0.01 -0.01)
(0.018 -0.01 -0.01)
(0.022 -0.01 -0.01)
(0.026 -0.01 -0.01)
(0.03 -0.01 -0.01)
(0.034 -0.01 -0.01)
(0.038 -0.01 -0.01)
(0.042 -0.01 -0.01)
(0.046 -0.01 -0.01)
(0.05 -0.01 -0.01)
(-0.05 0.01 -0.01)
(-0.046 0.01 -0.01)
(-0.042 0.01 -0.01)
(-0.038 0.01 -0.01)
(-0.034 0.01 -0.01)
(-0.03 0.01 -0.01)
(-0.026 0.01 -0.01)
(-0.022 0.01 -0.01)
(-0.018 0.01 -0.01)
(-0.014 0.01 -0.01)
(-0.01 0.01 -0.01)
(-0.006 0.01 -0.01)
(-0.002 0.01 -0.01)
(0.002 0.01 -0.01)
(0.006 0.01 -0.01)
(0.01 0.01 -0.01)
(0.014 0.01 -0.01)
(0.018 0.01 -0.01)
(0.022 0.01 -0.01)
(0.026 0.01 -0.01)
(0.03 0.01 -0.01)
(0.034 0.01 -0.01)
(0.038 0.01 -0.01)
(0.042 0.01 -0.01)
(0.046 0.01 -0.01)
(0.05 0.01 -0.01)
(-0.05 -0.01 0.01)
(-0.046 -0.01 0.01)
(-0.042 -0.01 0.01)
(-0.038 -0.01 0.01)
(-0.034 -0.01 0.01)
(-0.03 -0.01 0.01)
(-0.026 -0.01 0.01)
(-0.022 -0.01 0.01)
(-0.018 -0.01 0.01)
(-0.014 -0.01 0.01)
(-0.01 -0.01 0.01)
(-0.006 -0.01 0.01)
(-0.002 -0.01 0.01)
(0.002 -0.01 0.01)
(0.006 -0.01 0.01)
(0.01 -0.01 0.01)
(0.014 -0.01 0.01)
(0.018 -0.01 0.01)
(0.022 -0.01 0.01)
(0.026 -0.01 0.01)
(0.03 -0.01 0.01)
(0.034 -0.01 0.01)
(0.038 -0.01 0.01)
(0.042 -0.01 0.01)
(0.046 -0.01 0.01)
(0.05 -0.01 0.01)
(-0.05 0.01 0.01)
(-0.046 0.01 0.01)
(-0.042 0.01 0.01)
(-0.038 0.01 0.01)
(-0.034 0.01 0.01)
(-0.03 0.01 0.01)
(-0.026 0.01 0.01)
(-0.022 0.01 0.01)
(-0.018 0.01 0.01)
(-0.014 0.01 0.01)
(-0.01 0.01 0.01)
(-0.006 0.01 0.01)
(-0.002 0.01 0.01)
(0.002 0.01 0.01)
(0.006 0.01 0.01)
(0.01 0.01 0.01)
(0.014 0.01 0.01)
(0.018 0.01 0.01)
(0.022 0.01 0.01)
(0.026 0.01 0.01)
(0.03 0.01 0.01)
(0.034 0.01 0.01)
(0.038 0.01 0.01)
(0.042 0.01 0.01)
(0.046 0.01 0.01)
(0.05 0.01 0.01)
)


// ************************************************************************* //
